9,80
9,79
9,78
9,77
9,76
9,75
9,74
9,73
9,72
9,71
9,70
9,69
9,68
9,67
9,66
9,65
9,64
9,53
9,52
9,51
9,50
9,49
9,46
9,45
9,44
9,43
9,42
9,41
9,40
9,39
9,38
9,37
9,36
9,35
9,34
9,33
9,32
9,31
9,30
9,29
9,28
9,27
9,26
9,25
9,24
9,23
9,22
9,21
9,20
9,19
9,18
9,17
9,16
9,15
9,14
9,13
9,12
9,11
9,10
9,9
9,8
9,7
9,6
9,5
9,4
9,3
9,2
9,1
9,0
8,4
8,3
8,2
8,1
8,0
7,6
7,5
7,4
7,3
7,2
7,1
7,0
6,8
6,7
6,6
6,5
6,4
6,3
6,2
6,1
6,0
5,3
5,2
5,1
5,0
4,3
2,10
2,9
2,8
2,7
2,6
2,5
2,3
2,2
2,1
2,0
1,3
0,439
0,433
0,412
0,406
0,324
0,243
0,9
0,0
0,1
0,421
0,300
0,315
0,299
0,452
0,298
0,472
0,297
0,310
0,296
0,479
0,295
0,491
0,294
0,510
0,293
0,359
0,292
0,356
0,291
0,458
0,290
0,329
0,289
0,323
0,288
0,448
0,287
0,509
0,286
0,455
0,285
0,457
0,284
0,444
0,283
0,424
0,282
0,309
0,281
0,331
0,280
0,355
0,279
0,499
0,278
0,423
0,277
0,473
0,276
0,465
0,275
0,435
0,274
0,477
0,273
0,469
0,272
9,81
9,82
9,84
9,85
9,87
9,88
9,90
9,92
9,93
9,95
9,96
9,98
9,100
9,101
9,103
9,104
9,106
9,107
9,109
9,111
9,112
9,114
9,115
9,117
9,119
9,120
9,122
9,123
9,125
9,126
9,128
9,130
9,131
9,133
9,134
9,136
9,138
9,139
9,141
9,142
9,144
9,145
9,147
9,149
9,150
9,152
9,153
9,155
9,157
9,158
9,160
9,161
9,163
9,165
9,166
9,168
9,169
9,171
9,172
9,174
9,176
9,177
9,179
9,180
9,182
9,184
9,185
9,187
9,188
9,190
9,191
9,193
9,195
9,196
9,198
9,199
9,201
9,203
9,204
9,206
9,207
9,209
9,210
9,212
9,214
9,215
9,217
9,218
9,220
9,222
9,223
9,225
9,226
9,228
9,230
9,231
9,233
9,234
9,236
9,237
9,239
9,241
9,242
9,244
9,245
9,247
9,249
9,250
9,252
9,253
9,255
9,256
9,258
9,260
9,261
9,263
9,264
9,266
9,268
9,269
9,271
9,272
9,274
9,275
9,277
9,279
9,280
9,282
9,283
9,285
9,287
9,288
9,290
9,291
9,293
9,294
9,296
9,298
9,299
9,301
9,302
9,304
9,306
9,307
9,309
9,310
9,312
9,314
9,315
9,317
9,318
9,320
9,321
9,323
9,325
9,326
9,328
9,329
9,331
9,333
9,334
9,336
9,337
9,339
9,340
9,342
9,344
9,345
9,347
9,348
9,350
9,352
9,353
9,355
9,356
9,358
9,359
9,361
9,363
9,364
9,366
9,367
9,369
9,371
9,372
9,374
9,375
9,377
9,379
9,380
9,382
9,383
9,385
9,386
9,388
9,390
9,391
9,393
9,394
9,396
9,398
9,399
9,401
9,402
9,404
9,405
9,407
9,409
9,410
9,412
9,413
9,415
9,417
9,418
9,420
9,421
9,423
9,424
9,426
9,428
9,429
9,431
9,432
9,434
9,436
9,437
9,439
9,440
9,442
9,443
9,445
9,447
9,448
9,450
9,451
9,453
9,455
9,456
9,458
9,459
9,461
9,463
9,464
9,466
9,467
9,469
9,470
9,472
9,474
9,475
9,477
9,478
9,480
9,482
9,483
9,485
9,486
9,488
9,489
9,491
9,493
9,494
9,513
9,514
9,516
9,518
9,519
9,521
9,522
9,524
9,525
9,527
9,529
9,530
9,532
9,533
9,535
9,537
9,538
9,540
9,541
9,543
9,545
9,546
9,548
9,549
9,551
9,552
9,554
9,556
9,557
9,559
9,560
9,562
9,564
9,565
9,567
9,568
9,570
9,571
9,573
9,575
9,576
9,578
9,579
9,581
9,583
9,584
9,586
9,587
9,589
9,590
9,592
9,594
9,595
9,597
9,598
9,600
9,602
9,603
9,605
9,606
9,608
9,610
9,611
9,613
9,614
9,616
9,617
9,619
9,621
9,622
9,624
9,625
9,627
9,629
9,630
9,632
9,633
9,635
9,636
9,638
9,703
10,0
10,2
10,3
11,0
11,2
11,3
11,5
12,0
12,2
12,3
13,1
13,3
13,4
13,6
13,7
13,9
14,1
14,2
14,4
15,0
15,2
15,3
15,5
15,7
15,8
16,1
16,2
16,4
18,1
18,2
18,4
18,5
19,0
19,2
19,3
19,5
20,0
20,2
20,3
20,5
21,1
21,2
21,4
22,0
22,2
22,4
22,5
23,1
23,2
24,0
24,1
24,3
24,5
24,6
25,1
25,2
25,4
25,6
25,7
25,9
25,10
25,12
25,13
25,15
26,0
26,1
26,3
27,0
27,2
27,4
27,5
28,1
28,2
30,0
30,2
30,3
30,5
30,6
31,1
31,2
31,4
31,6
31,7
32,1
32,2
32,4
33,1
33,2
33,4
33,5
33,7
33,8
33,10
33,12
33,13
34,1
34,2
34,4
35,1
35,2
35,4
35,5
35,7
36,0
36,2
36,4
36,5
36,7
36,8
36,10
36,12
37,0
37,2
37,3
38,0
38,1
38,3
38,5
38,6
39,0
39,1
39,3
40,1
40,2
40,4
40,5
40,7
40,9
40,10
40,12
40,13
40,15
40,16
40,18
40,20
40,21
40,23
40,24
40,26
40,28
40,29
40,31
40,32
40,34
40,35
41,1
41,3
41,4
41,6
41,7
41,9
41,11
41,12
41,14
41,15
41,17
41,18
41,20
41,22
41,23
41,25
41,26
41,28
41,30
41,31
41,33
41,34
41,36
41,38
41,39
41,41
41,42
41,44
41,45
41,47
41,49
41,50
41,52
41,53
41,55
41,57
41,58
41,60
41,61
41,63
41,64
41,66
41,68
41,69
41,71
41,72
41,74
41,112
41,73
41,70
41,67
41,65
41,62
41,59
41,56
41,54
41,51
41,48
41,46
41,43
41,40
41,37
41,35
41,32
41,29
41,27
41,24
41,21
41,19
41,16
41,13
41,10
41,8
41,5
41,2
41,0
40,33
40,30
40,27
40,25
40,22
40,19
40,17
40,14
40,11
40,8
40,6
40,3
40,0
39,2
38,7
38,4
38,2
37,4
37,1
36,11
36,9
36,6
36,3
36,1
35,6
35,3
35,0
34,3
34,0
33,11
33,9
33,6
33,3
33,0
32,3
32,0
31,5
31,3
31,0
30,4
30,1
28,3
28,0
27,3
27,1
26,2
25,16
25,14
25,11
25,8
25,5
25,3
25,0
24,4
24,2
23,3
23,0
22,3
22,1
21,3
21,0
20,4
20,1
19,4
19,1
18,6
18,3
18,0
16,3
16,0
15,6
15,4
15,1
14,3
14,0
13,8
13,5
13,2
13,0
12,1
11,4
11,1
10,4
10,1
9,639
9,637
9,634
9,631
9,628
9,626
9,623
9,620
9,618
9,615
9,612
9,609
9,607
9,604
9,601
9,599
9,596
9,593
9,591
9,588
9,585
9,582
9,580
9,577
9,574
9,572
9,569
9,566
9,563
9,561
9,558
9,555
9,553
9,550
9,547
9,544
9,542
9,539
9,536
9,534
9,531
9,528
9,526
9,523
9,520
9,517
9,515
9,512
9,492
9,490
9,487
9,484
9,481
9,479
9,476
9,473
9,471
9,468
9,465
9,462
9,460
9,457
9,454
9,452
9,449
9,446
9,444
9,441
9,438
9,435
9,433
9,430
9,427
9,425
9,422
9,419
9,416
9,414
9,411
9,408
9,406
9,403
9,400
9,397
9,395
9,392
9,389
9,387
9,384
9,381
9,378
9,376
9,373
9,370
9,368
9,365
9,362
9,360
9,357
9,354
9,351
9,349
9,346
9,343
9,341
9,338
9,335
9,332
9,330
9,327
9,324
9,322
9,319
9,316
9,313
9,311
9,308
9,305
9,303
9,300
9,297
9,295
9,292
9,289
9,286
9,284
9,281
9,278
9,276
9,273
9,270
9,267
9,265
9,262
9,259
9,257
9,254
9,251
9,248
9,246
9,243
9,240
9,238
9,235
9,232
9,229
9,227
9,224
9,221
9,219
9,216
9,213
9,211
9,208
9,205
9,202
9,200
9,197
9,194
9,192
9,189
9,186
9,183
9,181
9,178
9,175
9,173
9,170
9,167
9,164
9,162
9,159
9,156
9,154
9,151
9,148
9,146
9,143
9,140
9,137
9,135
9,132
9,129
9,127
9,124
9,121
9,118
9,116
9,113
9,110
9,108
9,105
9,102
9,99
9,97
9,94
9,91
9,89
9,86
9,83
0,419
0,271
0,463
0,270
0,460
0,269
0,451
0,268
0,346
0,267
0,335
0,266
0,337
0,265
0,401
0,264
0,511
0,263
0,474
0,262
0,494
0,261
0,260
0,488
0,259
0,321
0,258
0,343
0,257
0,492
0,256
0,502
0,255
0,326
0,254
0,481
0,253
0,341
0,252
0,498
0,251
0,319
0,250
0,354
0,249
0,480
0,248
0,344
0,247
0,490
0,246
0,504
0,245
0,349
0,244
0,301
0,242
0,332
0,241
0,336
0,240
0,239
0,456
0,238
0,316
0,237
0,348
0,236
0,328
0,235
0,358
0,234
0,470
0,233
0,432
0,232
0,496
0,231
0,507
0,230
0,454
0,229
0,495
0,228
0,351
0,227
0,453
0,226
0,440
0,225
0,484
0,224
0,503
0,223
0,493
0,222
0,436
0,221
0,476
0,220
0,327
0,219
0,471
0,218
0,459
0,217
0,320
0,216
0,450
0,215
0,214
0,418
0,213
0,462
0,212
0,211
0,312
0,210
0,501
0,209
0,334
0,208
0,325
0,207
0,443
0,206
0,333
0,205
0,485
0,204
0,466
0,203
0,353
0,202
0,486
0,201
0,317
0,200
0,199
0,464
0,198
0,489
0,197
0,483
0,196
0,478
0,195
0,340
0,194
0,468
0,193
0,322
0,192
0,350
0,63
0,475
0,62
0,505
0,61
0,449
0,60
0,497
0,59
0,347
0,58
0,500
0,57
0,339
0,56
0,426
0,55
0,318
0,54
0,482
0,53
0,342
0,52
0,338
0,51
0,487
0,50
0,357
0,49
0,330
0,48
0,345
0,47
0,397
0,46
0,506
0,45
0,352
0,6
0,5
0,304
0,303
0,306
0,305
0,302
0,12
0,405
0,10
0,8
0,11
0,4
0,2
0,3
0,7
